V = -33:3:33;
